1990817
1991380
1992486
1994218
1994255
1994703
1995080
1996294
1998544
2000078
2000102
2000137
2000349
2001086
2001671
2002993
2003419
2007666
2009228
2010284
2010990
2011089
2011519
2011528
2011664
2014709
2016299
2020088
2020904
2022032
2026016
2030064
2030434
2030814
2036970
2037188
2041778
2042813
2054022
2056221
2059431
2062020
2065937
2066946
2067955
2068804
2070293
2079170
2079823
2081005
2084169
2086529
2091454
2092659
2095397
2096283
2096361
2099695
2102499
2102952
2113216
2113795
2114212
2117689
2120248
2126607
2126997
2127217
2127318
2129044
2131802
2131965
2132734
2137755
2138940
2143476
2147783
2148915
2149785
2150656
2154251
2154622
2156120
2159678
2161050
2161054
2162121
2163045
2163411
2163517
2167358
2170872
2176570
2181774
2183240
2183974
2186931
2190161
2192242
2193226
2198875
2201113
2201925
2206378
2209827
2211002
2213340
2216547
2220366
2220400
2220547
2222238
2222560
2223386
2225221
2225737
2227292
2229757
2230676
2230871
2231191
2231369
2232759
2233053
2236599
2236807
2237537
2237803
2238272
2242471
2245035
2247998
2248131
2249706
2250031
2253750
2254041
2254435
2255500
2258066
2265503
2266827
2269803
2272169
2275004
2275443
2276271
2279030
2286648
2288937
2290057
2295015
2298208
2302802
2305973
2306190
2308188
2309561
2310498
2312756
2313229
2319538
2321938
2324549
2325388
2326758
2327220
2330942
2332832
2336692
2337170
2339371
2340106
2342280
2344524
2349633
2351220
2364856
2367381
2367398
2369226
2369967
2370288
2375222
2375649
2376250
2378402
2379197
2379221
2382532
2383265
2383847
2386064
2390063
2390102
2390662
2396493
2397016
2399544
2399590
2400828
2400955
2401489
2404426
2406432
2406975
2407912
2408789
2410304
2411270
2411487
2414105
2416056
2417485
2420193
2420389
2420742
2422378
2422468
2423622
2424604
2426671
2427883
2428186
2429062
2429228
2429944
2430756
2430782
2432443
2432859
2434592
2437465
2439243
2439782
2442407
2442599
2444005
2444359
2447880
2449461
2451650
2456344
2458440
2464950
2466828
2469911
2481455
2484079
2486191
2486472
2487485
2491588
2492076
2493749
2495856
2499323
2503658
2504959
2506077
2506488
2513484
2513573
2515477
2517709
2522248
2524025
2525042
2526024
2529974
2533227
2534632
2536692
2536829
2537568
2538787
2541597
2545103
2545558
2546078
2550441
2552420
2553522
2553654
2555845
2559527
2559759
2560368
2564298
2570410
2572566
2572868
2579679
2580925
2584521
2586290
2586975
2589741
2591083
2591098
2591516
2592501
2593214
2597271
2598009
2601978
2604169
2605032
2607289
2608665
2612633
2614416
2614473
2615749
2618059
2618272
2619584
2621701
2622591
2624192
2627992
2631596
2632419
2633112
2633483
2635272
2635839
2636201
2637864
2638016
2638622
2642589
2642777
2649213
2650168
2651819
2652126
2654025
2654839
2655641
2658922
2659000
2659593
2661110
2662531
2663115
2664172
2669926
2670956
2670982
2671496
2671858
2674554
2675362
2676704
2679330
2681759
2683214
2683914
2684630
2703161
2703984
2704417
2704700
2707322
2709253
2709593
2710300
2711858
2712970
2715118
2717294
2723397
2723838
2727698
2728495
2728793
2735736
2736389
2745206
2745265
2746598
2748910
2751733
2755445
2755945
2757107
2758224
2758612
2760995
2762093
2765060
2768054
2769467
2770321
2772152
2773824
2779251
2779484
2784009
2784514
2785485
2788080
2790144
2793150
2795833
2800739
2801878
2804041
2804827
2806545
2808535
2811141
2811319
2814805
2816123
2817695
2817752
2822005
2824910
2825615
2827585
2832472
2833853
2835090
2839137
2839321
2841212
2843366
2845599
2848938
2854910
2857081
2857376
2860943
2863852
2864840
2873949
2877262
2883355
2883887
2885173
2887761
2889238
2889777
2891361
2892167
2893819
2895342
2896727
2897819
2898897
2900881
2903827
2912894
2914521
2915276
2920364
2920525
2923856
2925054
2927391
2930911
2932392
2935826
2937086
2938502
2939218
2940064
2941900
2942788
2942857
2943556
2945309
2950319
2952732
2954372
2959316
2963243
2965747
2966347
2968876
2971315
2973041
2979383
2982748
2983248
2983835
2986296
2990799
2991110
2992749
2997768
3000214
3001836
3003855
3009745
3016808
3018683
3020094
