33497
37335
74818
116635
133112
159846
167007
169453
230199
273944
276623
293388
299068
325086
326689
372589
392775
414388
420945
442045
455210
460832
480454
486381
511317
518708
528417
546447
547219
588883
589169
613954
618844
664331
670627
673538
704639
745022
752121
755021
771237
794329
795963
802607
818592
836104
860112
864780
888348
892999
909599
911052
918284
977873
1010503
1018295
1035511
1037356
1070675
1091001
1105104
1107732
1112473
1115716
1124038
1124131
1130382
1138428
1149120
1173180
1197530
1197912
1200422
1209013
1209716
1254044
1260106
1307092
1354518
1369801
1410371
1434573
1451016
1455423
1511978
1515075
1518388
1541151
1545375
1572985
1575730
1577499
1640903
1666308
1699475
1702852
1724396
1750007
1763368
1801804
1813858
1824172
1826984
1849254
1860770
1866255
1897806
1923015
1956789
1993493
2008821
2049371
2060338
2074032
2105044
2119436
2123376
2154366
2156155
2169339
2178967
2201316
2217476
2219417
2223346
2236063
2284131
2289937
2296725
2297920
2298563
2300181
2340899
2344166
2362406
2418089
2430286
2449776
2456562
2459972
2484748
2489426
2489614
2498047
2510787
2544796
2558730
2560864
2561344
2569016
2577835
2590585
2606530
2619025
2624145
2631791
2676890
2693752
2702749
2724352
2727780
2784831
2789827
2809860
2811795
2830621
2863984
2874856
2882590
2904128
2904517
2905801
2907693
2912322
2916107
2923278
2938396
2945433
2954454
2968640
3014787
3016767
3031214
3049485
3051661
3054121
3074635
3080454
3211503
3212941
3225366
3228276
3228553
3240726
3251190
3267958
3278316
3302774
3322347
3349749
3351419
3357296
3373502
3375327
3381322
3382551
3394082
3410324
3436440
3444726
3455381
3460249
3463445
3464592
3472220
3492680
3498176
3500101
3500378
3514863
3525800
3547863
3574278
3576806
3576887
3606945
3631558
3643174
3649324
3657199
3677174
3750274
3752101
3763923
3765365
3776204
3781724
3800978
3817330
3846251
3850859
3861978
3893850
3938814
3947667
3949261
4006688
4032559
4048878
4067082
4083531
4123795
4127218
4132368
4152436
4153012
4167231
4188052
4194779
4227028
4259456
4290210
4347291
4348316
4372884
4373215
4386076
4386199
4395892
4424256
4426053
4427650
4432094
4434711
4434904
4444824
4452616
4470609
4470842
4479554
4482515
4490698
4513823
4539381
4546601
4551940
4588202
4612500
4625204
4625931
4636074
4667864
4677758
4684683
4686695
4688013
4704598
4734196
4771862
4772871
4773999
4848335
4850215
4890091
4913774
4915917
4922407
4931067
4958120
4965596
4978941
4980221
5018056
5027533
5051033
5073856
5110093
5127678
5133939
5141603
5160892
5176557
5200983
5237829
5305079
5373037
5376404
5390563
5410675
5416987
5471018
5492717
5501394
5502164
5504709
5513417
5517275
5559664
5648821
5676245
5719683
5733777
5736837
5746604
5798150
5800073
5802099
5839359
5858514
5879328
5898977
5924176
5926333
5941515
5963730
5970200
5983946
5987463
6006493
6009915
6012458
6035718
6062067
6091078
6102042
6117139
6145108
6193240
6195682
6203321
6264461
6275626
6284489
6286618
6319525
6335438
6397598
6434338
6436981
6478744
6480573
6497827
6535227
6545313
6630551
6633043
6649518
6652586
6661166
6709742
6714394
6718112
6725286
6736518
6737492
6738769
6755187
6760660
6779869
6797341
6865337
6866126
6896290
6902674
6935630
6946613
6953288
6956694
6970594
6970595
6974670
7001843
7034879
7043484
7045427
7047342
7064788
7070236
7073827
7099001
7109421
7127738
7185454
7190234
7205635
7250631
7263804
7274020
7274194
7275859
7276716
7277052
7284035
7299126
7301699
7319334
7320080
7323342
7351242
7469316
7471828
7474563
7491408
7492050
7502905
7541851
7579208
7603851
7682917
7698657
7711531
7750855
7762550
7767814
7794279
7803110
7813269
7827334
7865333
7865753
7868029
7873784
7883160
7883659
7893019
7922910
7931278
7965017
7968197
7975717
7997972
8012809
8025150
8030303
8039872
8060600
8078307
8082178
8107741
8117463
8127325
8169470
8170801
8218629
8221546
8237379
8237449
8267746
8295100
8295912
8306142
8309369
8325761
8344881
8358019
8370365
8405758
8419033
8428131
8434678
8434712
8443443
8446005
8450252
8466214
8474572
8477475
8482027
8487553
8493001
8507155
8536371
8567858
8574402
8580476
8583759
8588435
8606478
8691646
8707394
8718933
8728866
8733683
8757898
8760958
8776413
8778200
8779982
8780327
8786227
8791986
8801819
8804769
8829206
8854365
8866741
8872299
8881404
8884152
8887218
8894773
8901664
8902823
8902989
8944150
8961441
8965266
8966462
8991128
9019182
9052286
9081293
9081398
9092321
9161635
9171444
9180059
9183211
9211268
9235983
9243102
9246446
9249158
9252597
9262829
9264513
9271263
9273598
9292198
9298909
9302731
9315365
9332791
9377742
9380868
9400433
9412315
9432270
9434670
9454696
9455108
9474981
9509413
9510075
9520120
9541639
9548807
9609335
9643723
9698465
9701539
9711267
9714514
9729223
9767774
9772071
9778368
9799895
9849647
9860835
9889581
9914692
9943627
9947819
9948218
9950744
9958958
9971876
9972471
9983422
9991490
9997451
10007948
10008772
10013713
10017687
10108630
10118986
10125051
10129349
10177504
10179266
10188568
10248196
10248368
10252097
10258291
10283316
10290223
10291658
10293821
10337933
10364654
10384616
10387940
10388848
10393948
10409847
10425376
10426610
10433691
10436140
10437217
10443566
10463794
10467253
10471264
10539105
10552107
10583988
10590127
10611175
10618164
10620575
10622448
10623614
10645475
10661912
10699157
10706943
10723133
10736218
10744302
10747953
10769648
10771303
10800728
10820899
10836778
10883308
10890051
10895102
10907589
10929669
10937935
10939624
10940175
10944342
10955813
10972159
10984757
11008002
11021551
11032988
11047647
11052889
11055313
11058220
11085067
11111645
11154911
11166283
11213280
11227781
11237520
11245932
11248589
11266034
11270926
11282221
11292216
11301622
11312485
11314796
11325362
11331718
11363193
11370734
11393804
11411758
11417213
11432261
11445742
11473263
11508310
11522313
11522871
11524627
11537975
11544035
11553570
11556252
11573725
11575708
11596625
11600458
11645515
11646999
11685914
11691496
11731471
11733089
11750349
11750413
11757507
11810757
11829348
11830101
11855352
11866785
11870915
11884795
11894187
11898209
11901684
11919451
11960021
11980218
11985721
12008343
12027846
12055745
12058302
12059865
12060366
12065313
12101089
12145493
12150315
12165030
12206282
12232714
12241324
12248206
12254473
12272291
12290285
12297884
12308962
12323124
12324026
12328748
12330544
12345276
12381642
12381945
12385167
12395440
12416706
12461105
12472523
12533877
12539624
12539811
12539890
12556969
12560567
12570738
12576504
12580347
12583577
12583625
12584213
12612021
12630730
12633439
12634193
12696623
12697444
12698275
12711973
12724565
12770485
12816402
12826104
12826971
12846108
12863126
12883068
12888694
12897172
12906303
12912527
12921578
12923302
12936094
12950109
12980108
12998222
13006408
13011014
13023597
13027142
13034378
13064336
13076743
13122115
13123905
13130188
13137234
13143967
13145264
13165446
13184401
13220747
13224422
13230209
13239040
13246800
13256044
13277762
13282993
13304030
13306934
13342801
13369170
13385558
13387474
13389537
13420649
13420789
13426508
13433400
13436470
13453397
13478368
13488544
13506900
13544319
13563073
13566029
13569513
13575916
13579093
13611711
13646146
13650604
13657782
13682111
13712579
13743394
13747442
13756868
13769547
13807306
13835994
13848495
13889941
13891168
13905996
13906167
13966020
13975776
13997458
14034227
14070255
14073011
14083702
14146991
14153507
14158079
14159806
14160191
14182186
14217596
14231238
14279751
14330354
14338520
14357976
14408544
14416290
14430477
14435740
14438906
14444883
14483279
14489879
14492242
14516475
14573141
14606293
14607737
14617604
14632252
14638849
14642104
14643277
14650810
14654249
14654275
14677808
14700388
14734051
14759844
14762447
14792176
14798071
14798887
14817601
14817660
14839733
14845593
14879720
14889225
14900263
14916098
14935144
14946483
14958875
14961342
14962342
14967314
14968923
14970616
14984783
14989918
15008035
15031623
15047417
15059408
15062277
15065940
15068147
15153172
15177734
15178165
15184468
15212774
15216766
15250588
15283279
15319827
15336206
15360475
15385650
15398361
15433142
15441393
15454812
15458283
15478832
15482633
15482919
15501393
15564509
15569164
15598379
15610719
15649429
15651268
15683357
15696361
15706464
15712067
15769035
15784240
15794821
15808597
15817476
15829606
15837468
15849174
15856589
15895227
15899189
15913844
15936595
15939159
15953698
15957693
15988087
16046858
16065299
16071756
16077147
16085266
16092141
16095439
16098336
16122525
16132013
16134464
16136057
16157046
16209421
16222064
16246675
16274688
16320014
16321160
16372950
16407279
16463810
16485275
16497358
16508142
16508914
16569455
16574189
16600097
16603633
16605627
16606709
16615070
16620785
16632023
16635158
16648886
16684538
16690971
16694352
16712523
16726087
16740734
16745133
16771768
16773888
16776299
16818162
16819756
16843979
16858415
16895441
16907058
16912132
16925536
16959436
16963537
16990579
17005534
17030662
17039297
17086888
17089558
17090860
17094304
17178190
17180335
17214159
17225379
17247318
17259081
17275093
17307661
17319029
17333903
17341353
17361922
17362839
17362971
17400961
17401688
17436907
17453584
17467575
17479669
17480381
17498758
17541100
17555902
17581232
17582808
17610828
17611813
17623262
17652354
17675518
17692134
17703570
17715629
17720902
17725098
17732344
17739993
17751988
17757036
17785854
17788177
17791260
17801015
17836953
17900793
17905868
17930217
17948759
17953654
17967031
18006067
18052388
18095999
18109767
18112079
18128806
18155801
18161588
18168576
18170514
18205733
18237424
18242824
18254925
18281420
18350285
18351617
18353175
18353287
18402675
18406886
18444616
18472943
18476855
18483602
18489075
18514084
18530601
18559352
18567100
18592372
18599256
18617849
18643021
18643199
18659681
18664602
18692804
18717955
18722001
18732517
18733916
18736157
18746773
18789055
18795601
18831947
18848298
18872426
18883684
18919938
18933969
18956120
18959168
18982536
18988251
18989155
18990240
19005264
19006937
19016705
19018132
19021131
19030169
19035615
19068054
19085067
19095804
19165451
19168063
19169805
19249008
19256369
19279389
19288745
19289205
19296638
19308296
19342026
19356870
19360922
19368347
19386274
19400025
19411001
19470911
19477069
19518414
19554965
19558921
19570539
19572395
19573235
19603257
19605750
19611842
19636047
19672764
19698851
19711527
19714039
19727618
19732083
19732929
19733615
19734281
19744332
19801441
19810575
19832043
19842322
19843096
19844709
19861131
19871331
19905653
19917257
19940184
19942138
19948659
19959282
19980064
19993157
19999890
20009917
20030456
20062861
20085340
20093520
20093889
20102111
20117457
20129648
20134467
20136026
20138910
20152164
20161273
20174444
20184650
20236187
20242184
20255261
20259352
20266854
20270002
20272596
20290812
20327153
20348959
20370029
20391443
20399526
20405402
20428455
20431031
20432980
20435026
20457230
20472850
20491453
20510713
20512282
20526478
20526875
20529373
20552423
20557341
20559488
20560485
20560539
20577761
20592047
20635914
20638949
20650709
20665971
20693227
20745964
20752181
20756461
20765744
20792867
20803411
20811322
20829301
20845954
20866807
20875535
20883704
20884753
20922779
20925253
20942118
20974332
20986051
21004935
21013657
21055831
21064138
21064355
21082602
21092833
21093129
21099072
21099700
21101273
21106239
21110930
21116314
21129181
21131520
21133950
21160927
21171018
21171301
21181605
21200056
21222087
21231251
21238902
21260424
21266131
21275115
21276988
21277714
21293446
21294032
21322554
21332930
21334778
21345949
21346838
21388110
21404616
21408494
21415621
21424855
21439482
21458345
21459331
21463809
21465812
21531853
21551072
21551373
21579129
21647650
21652581
21667848
21680545
21694455
21697001
21705432
21706133
21718362
21721412
21730835
21730990
21766491
21769446
21778733
21778922
21787314
21802575
21882060
21882405
21901881
21909617
21975180
22022145
22022457
22024153
22050509
22051912
22064116
22075910
22083802
22087373
22104862
22116200
22119567
22125102
22130326
22145260
22173955
22198899
22211083
22220768
22221381
22221607
22225764
22241223
22252441
22254460
22270063
22290768
22292993
22307410
22314669
22326177
22328143
22342337
22344883
22365388
22378210
22390734
22420239
22427625
22440809
22448781
22449337
22480237
22489486
22492400
22506998
22519596
22556620
22570727
22571550
22576330
22578554
22600775
22600993
22601193
22610070
22616505
22623843
22638200
22638533
22639865
22641348
22648557
22676792
22678299
22690957
22696463
22749780
22755835
22768492
22775248
22789073
22796053
22801249
22825358
22866222
22869300
22873670
22876120
22898906
22901822
22909353
22918175
22920383
22931322
22949205
22951233
22977931
22978245
22983412
22993110
23008571
23011547
23081733
23095119
23099832
23143598
23153993
23157279
23160762
23161197
23165372
23175316
23177553
23179675
23189379
23193534
23219853
23225768
23234509
23238195
23248548
23270606
23270818
23274495
23280736
23321167
23321542
23356731
23376004
23399994
23406044
23408056
23408207
23412649
23414432
23444979
23454590
23469111
23504455
23506368
23536854
23561993
23570111
23576279
23577678
23594656
23599564
23608159
23636187
23640513
23646386
23653919
23655573
23681790
23690862
23701361
23739137
23751552
23755874
23759016
23760899
23775155
23787756
23791820
23804459
23816764
23826574
23828085
23848670
23858082
23874473
23914128
23928030
23947130
23984513
23985558
24008912
24033401
24046976
24061748
24072803
24092164
24099238
24113321
24115293
24120921
24132141
24147490
24148455
24168946
24174268
24177680
24180941
24188992
24215828
24251182
24265668
24267376
24271063
24275691
24288790
24292960
24294189
24313160
24336123
24337671
24355833
24392324
24414923
24440084
24456886
24484121
24488462
24492061
24493838
24495611
24497164
24498646
24519986
24521549
24536880
24574059
24579049
24591125
24596495
24605285
24608453
24634577
24640613
24640753
24642147
24665362
24674444
24676350
24690255
24693908
24697952
24725403
24726212
24730283
24740007
24740930
24756134
24762741
24764989
24770955
24784008
24794524
24808040
24812730
24817786
24817906
24824770
24825491
24844959
24862780
24867041
24881251
24891467
24897264
24910524
24920536
24923050
24937748
24940092
24964272
24974796
24987818
24989333
24991275
24998714
25004905
25017766
25030413
25051419
25062704
25075617
25082728
25088493
25092221
25095402
25126920
25126977
25134699
25137793
25162311
25165049
25168958
25192988
25193970
25196078
25204031
25205201
25207957
25214786
25265799
25289173
25295189
25318372
25355745
25367402
25370785
25372649
25375626
25391252
25402097
25415743
25431210
25437051
25440889
25451275
25457521
25458325
25491966
25492996
25507047
25515057
25532169
25538978
25541697
25543219
25570617
25580041
25600007
25621097
25624625
25663401
25689009
25696788
25706840
25708596
25717234
25752475
25754432
25821677
25844898
25861129
25873067
25879672
25891454
25894363
25931316
25945873
25954990
25956875
25962250
25963110
25985327
26003271
26015004
26033192
26043085
26048321
26084613
26092608
26105693
26121499
26129166
26134896
26137293
26137995
26163971
26178774
26181815
26207370
26237984
26240841
26252598
26335864
26338387
26348835
26359978
26366666
26375895
26382080
26383624
26400973
26406054
26448979
26471798
26478671
26487574
26491777
26511903
26514862
26526799
26528001
26535853
26541623
26552337
26563107
26567639
26572929
26592310
26595145
26604841
26610792
26627295
26651016
26656421
26667456
26678092
26679385
26680249
26691883
26692112
26699227
26708178
26752287
26755943
26757470
26757580
26758805
26766128
26768971
26787835
26811878
26817626
26824554
26860479
26872164
26874630
26899559
26936809
26941868
26942455
26945474
26955498
26985572
26986545
26987698
26990859
27003118
27015975
27016469
27046581
27066335
27082189
27087947
27099683
27114764
27125272
27136189
27139969
27141934
27148502
27185156
27186765
27214517
27216958
27268071
27268572
27279816
27295455
27305339
27339159
27398584
27400759
27401792
27409223
27414766
27419257
27462966
27463057
27475121
27486555
27490483
27494208
27496641
27536788
27537710
27562381
27564307
27564900
27578348
27586033
27591734
27603348
27607901
27610788
27612423
27694177
27707215
27720008
27742858
27747018
27747479
27795569
27806069
27812464
27819931
27820035
27829430
27834170
27844937
27847710
27877985
27883810
27885859
27912903
27915732
27921413
27924711
27929710
27932377
27935058
27950733
27956686
27963324
27965680
27965894
27984155
27989902
27993128
28019434
28022132
28037125
28048550
28049378
28052684
28065421
28067336
28070863
28075508
28083209
28091676
28094319
28116929
28146931
28169368
28169639
28171852
28180186
28184194
28186613
28192243
28194438
28194911
28205335
28227401
28228946
28253593
28255108
28271228
28272425
28292326
28296807
28357692
28368739
28384394
28391785
28408809
28450886
28460920
28509820
28513197
28516983
28571385
28578275
28586088
28591737
28595386
28596442
28624832
28628983
28635835
28635961
28652488
28694480
28712937
28725991
28745743
28760348
28760969
28776298
28836623
28842493
28862262
28902374
28906139
28935122
28936332
28947748
28949209
28949544
28969773
28984276
28987126
28987571
28992404
29012043
29025127
29038743
29057256
29074320
29076474
29086051
29092473
29104869
29117376
29119077
29127700
29159877
29172693
29173375
29193787
29193961
29236832
29240905
29242564
29270116
29285148
29286458
29298315
29320196
29331615
29340922
29372626
29382864
29428830
29461924
29467482
29471496
29475578
29477237
29504999
29511720
29540155
29541706
29578733
29610048
29610330
29611444
29635142
29636277
29650280
29663561
29668849
29682844
29730595
29753581
29754410
29754580
29780909
29790196
29798583
29813019
29813980
29857546
29859564
29903152
29914717
29962985
29988223
30000756
30001051
30001116
30037440
30039057
30049481
30051719
30056431
30058260
30101033
30102997
30110613
30119240
30120745
30142931
30161678
30175781
30192486
30202466
30204666
30229603
30249144
30267260
30269673
30276356
30278601
30282770
30282871
30314885
30316829
30352357
30362637
30380155
30453928
30461420
30475624
30486318
30491049
30492250
30509503
30515140
30522646
30527033
30527212
30541068
30598241
30624968
30630791
30636605
30647156
30650867
30651650
30652167
30688032
30689150
30703738
30743379
30760388
30764971
30776818
30803195
30811247
30814777
30825319
30827975
30833941
30836980
30850867
30874926
30888957
30889928
30901385
30910777
30915649
30916010
30930368
30946388
30951010
30967484
30987966
30997884
31004116
31007845
31034262
31097294
31108003
31115642
31116958
31141525
31189449
31221182
31230548
31244413
31267723
31272835
31291885
31297409
31300024
31310592
31320411
31353226
31358126
31361830
31377025
31392258
31395473
31396940
31404520
31404921
31409172
31418375
31420155
31441308
31456184
31477924
31479960
31490665
31514991
31519989
31533254
31533815
31538321
31541193
31572177
31590474
31600484
31616773
31624532
31656337
31678325
31678638
31680166
31722127
31769180
31772803
31794635
31835025
31835524
31842848
31848139
31862562
31873810
31877151
31885150
31970283
31972346
31972593
31983480
31996694
32001649
32005993
32018407
32040720
32047451
32068640
32076810
32086669
32120367
32121038
32124406
32132640
32139830
32145416
32159580
32166244
32167955
32169436
32182391
32199795
32211483
32212172
32244360
32256256
32257355
32286297
32315001
32345451
32375596
32403124
32434049
32445902
32473782
32518237
32520190
32523925
32538894
32555686
32556402
32559638
32562863
32572796
32633739
32637064
32638199
32667516
32672407
32673999
32688235
32695196
32696857
32725532
32730458
32766114
32769333
32770381
32778562
32795636
32818651
32828387
32843499
32855608
32856912
32886367
32922619
32946111
32949686
32957675
32968914
32974249
33019024
33028819
33040027
33074279
33093157
33105329
33119495
33126644
33142938
33150899
33157303
33179662
33192134
33208931
33212291
33227244
33236997
33241012
33245055
33246407
33262974
33326005
33332457
33343457
33364541
33369407
33371845
33391520
33398185
33406708
33408043
33415920
33465068
33470881
33486707
33507038
33522161
33554512
33558552
33576674
33581293
33609068
33610257
33610865
33619535
33633948
33637894
33641340
33648546
33671189
33678706
33693391
33693668
33709063
33737782
33742848
33760035
33760736
33761759
33793447
33795856
33802566
33808533
33873912
33906065
33907852
33921913
33923798
33940869
33952812
33965963
33972018
33996506
34018538
34018769
34039954
34064274
34068880
34068971
34069666
34079690
34089237
34139661
34149930
34171988
34215083
34219084
34224887
34253798
34264840
34275153
34276738
34278948
34289575
34314062
34319507
34320675
34329785
34349095
34353130
34417067
34422768
34426457
34426779
34439188
34440595
34450936
34453869
34463421
34473125
34507209
34534953
34543733
34553742
34595605
34599874
34619269
34643037
34651935
34672849
34680250
34701185
34725277
34730346
34746771
34750611
34759346
34763137
34769662
34799331
34826039
34851905
34855877
34867648
34879550
34905675
34908886
34911373
34920742
34940123
34951575
34981386
34994109
34998798
35003972
35010515
35016551
35016960
35024788
35028076
35031487
35038346
35071927
35077711
35077736
35083120
35098868
35113285
35119126
35150640
35166082
35177389
35193752
35213867
35234857
35243299
35296857
35301815
35307414
35310020
35324675
35328444
35334083
35370380
35401928
35409659
35424340
35427122
35441990
35447912
35463206
35468786
35474712
35513452
35514658
35516599
35526164
35537185
35580124
35582382
35603037
35603902
35616800
35626474
35655058
35680424
35690117
35692621
35692822
35704363
35724532
35735167
35754894
35758381
35765059
35770293
35794111
35810593
35824814
35836693
35846461
35848751
35858154
35859697
35938683
35939589
35943948
35951092
35960457
35966656
35985815
35986200
35997514
36007288
36065655
36111011
36118921
36135115
36154934
36174745
36180626
36183314
36192914
36195523
36215867
36223269
36255362
36256721
36270510
36282041
36311344
36315977
36322294
36340628
36351262
36352869
36359531
36390436
36392606
36454939
36477422
36487053
36535858
36541710
36552494
36554941
36566401
36578264
36600736
36628113
36640001
36641276
36644836
36654347
36669790
36679299
36688674
36712762
36759242
36763763
36772377
36788060
36794301
36800708
36808407
36809271
36810862
36831233
36865999
36869631
36870762
36902562
36907916
36913614
36916589
36920325
36926222
36944046
36959035
36983618
37069633
37069638
37082705
37082891
37086616
37092758
37096058
37098783
37100683
37110530
37119016
37130086
37131705
37137967
37165079
37165987
37170572
37181100
37192769
37194958
37205240
37205267
37210974
37212214
37221337
37223588
37229075
37239121
37304008
37309819
37314425
37315158
37323338
37325474
37335107
37403431
37490381
37548077
37583581
37587355
37589949
37593649
37614029
37619106
37626898
37647657
37681256
37681482
37702396
37728501
37771556
37787423
37820675
37832478
37840284
37841004
37844115
37890311
37901643
37989995
38017171
38023362
38026614
38033457
38062470
38069087
38081676
38147214
38180641
38199316
38262059
38273732
38302503
38305969
38313684
38327672
38330611
38379826
38382839
38385171
38390961
38398277
38404655
38423271
38431753
38452885
38456849
38468471
38473892
38473989
38492262
38494347
38512591
38534902
38538873
38565115
38607143
38607725
38610489
38624525
38638134
38650865
38652818
38653745
38656335
38679947
38684704
38694333
38696459
38701171
38704944
38722690
38724359
38731255
38747781
38755208
38761169
38766360
38776308
38802211
38803824
38860848
38891997
38907426
38926995
38941092
38976410
38998900
39030329
39092845
39106650
39117224
39117557
39118185
39127512
39131300
39132115
39160258
39173355
39177190
39200381
39216921
39220814
39230827
39235354
39245479
39256662
39275928
39277071
39311776
39326219
39340674
39343503
39350975
39357169
39365857
39366193
39374361
39381288
39393116
39396617
39396732
39406918
39409811
39417636
39443963
39450358
39461945
39484714
39504263
39513475
39531324
39542171
39567425
39577155
39607533
39619183
39628922
39629953
39633718
39638010
39687045
39716725
39725802
39748192
39750898
39756929
39765131
39805651
39831527
39853132
39871084
39872580
39880058
39880168
39891680
39896128
39911911
39919066
39919381
39955036
39968996
39973560
39974711
39975330
39978357
40003104
40011686
40041454
40047744
40048529
40101163
40101526
40109418
40116156
40119552
40135011
40136879
40161559
40172429
40177444
40183133
40198654
40261562
40268234
40280107
40280606
40285639
40287195
40291972
40337778
40339913
40352511
40362860
40366046
40395752
40415976
40417534
40430970
40431094
40432560
40442132
40444340
40448949
40450121
40473229
40492415
40496126
40503644
40508044
40510564
40510931
40527560
40535941
40544443
40551204
40551359
40562036
40606470
40608685
40637824
40638312
40652779
40655922
40661795
40676799
40680212
40685075
40687804
40714023
40716207
40716713
40728662
40742000
40747301
40751169
40761883
40800510
40802721
40805154
40815959
40860355
40864553
40871542
40877688
40886028
40901920
40905433
40911084
40947189
40960711
40972355
40975522
40980607
41004693
41027654
41052947
41059839
41059886
41063523
41069899
41075592
41077914
41102501
41103000
41103252
41119642
41119703
41120947
41184166
41192803
41202367
41215998
41224051
41228508
41232339
41245128
41264749
41275516
41278245
41343255
41344045
41390216
41413109
41420695
41426033
41428156
41436317
41461393
41473287
41477460
41486972
41497670
41566539
41569177
41574573
41595362
41596806
41597006
41610580
41612939
41616158
41618697
41621763
41702406
41727628
41729566
41737597
41744768
41754957
41773979
41792195
41792300
41831179
41832680
41833272
41853423
41911518
41943791
41944939
41951156
41954367
42016589
42022529
42029078
42033329
42034726
42041710
42052262
42104318
42148984
42164164
42166612
42168726
42175968
42190540
42212485
42217360
42231151
42237480
42240579
42248856
42263467
42278177
42345369
42377143
42391705
42406054
42408008
42433129
42434798
42456291
42513763
42555314
42562215
42563102
42583201
42583339
42596999
42597903
42622474
42624428
42658344
42659219
42698583
42708204
42715979
42717534
42732354
42735480
42778762
42781447
42782268
42792602
42794829
42820922
42841389
42872083
42874971
42875582
42893895
42899637
42899802
42905949
42913321
42927313
42937839
42938522
42950399
42952478
42960609
42971155
42994519
43002639
43057657
43063557
43096700
43103429
43110048
43123268
43125798
43135730
43145196
43146079
43153239
43184062
43189335
43189827
43193444
43196837
43197792
43211990
43220539
43255065
43307161
43311078
43313360
43337668
43361222
43375602
43404287
43404849
43419105
43421022
43462837
43464330
43511367
43542062
43545242
43559359
43566004
43591388
43611960
43617576
43664963
43724671
43770872
43785091
43863632
43867688
43889512
43908454
43933646
43948812
43959712
43971518
43991438
44001462
44014440
44024673
44029327
44042107
44054725
44067498
44069528
44084766
44117966
44163568
44179030
44183821
44184877
44205911
44208481
44240464
44266717
44320938
44343560
44376258
44385192
44411241
44419947
44434065
44435706
44454694
44482551
44484530
44500819
44529966
44531268
44542236
44543297
44553951
44554291
44579201
44580100
44590506
44591107
44613355
44632468
44638853
44674902
44677394
44681637
44684107
44684565
44695335
44702462
44706245
44717551
44725466
44759928
44760849
44780372
44793127
44815868
44817317
44817969
44830678
44838418
44840659
44841167
44864685
44872862
44875398
44907244
44926940
44928457
44958315
44988769
45007703
45012593
45020231
45053669
45064556
45069436
45085520
45090837
45094646
45133271
45139630
45141261
45149613
45151524
45181209
45222227
45279424
45286424
45289037
45295483
45296703
45297630
45298601
45301678
45304891
45309329
45314796
45320108
45322356
45325348
45339408
45356065
45377126
45377127
45388494
45397495
45425342
45433776
45441249
45441713
45450906
45452172
45454936
45459354
45484523
45503383
45507434
45509898
45518838
45519651
45534499
45553949
45554792
45569218
45582152
45590785
45613100
45616666
45636281
45639879
45651144
45667094
45686580
45693523
45701371
45701695
45704673
45705831
45709420
45736780
45738039
45743779
45756910
45773769
45785949
45801510
45816420
45817261
45841510
45850294
45854503
45878163
